Your Age
21
19
25
21
20
20
21
20
21
20
21
22
23
23
22
21
21
20
20
23
20
20
21
20
18
20
21
20
20
20
21
22
22
19
19
20
19
20
22
19
25
19
24
22
21
20
21
22
22
19
